433.234
370.789
375.302
381.698
382.221
374.252
368.531
374.127
388.647
373.641
377.258
380.247
372.41
414.976
383.356
388.303
403.086
402.496
371.512
420.766
386.987
427.619
387.59
368.716
373.429
429.604
409.962
364.282
370.008
365.015
380.333
406.457
374.874
386.122
421.935
426.124
369.672
417.191
395.311
410.645
392.628
366.706
363.422
392.741
368.408
396.807
376.471
376.221
409.446
401.846
428.305
379.125
384.453
432.512
372.454
383.137
395.666
376.967
381.139
365.711
375.013
372.599
377.653
374.682
376.789
376.716
386.789
371.867
418.242
446.086
371.061
368.616
384.191
377.321
386.914
432.322
369.183
417.837
428.628
427.225
371.824
427.548
367.284
425.76
372.606
379.989
368.264
393.44
382.566
397.984
368.82
410.313
391.159
385.844
379.981
394.571
408.432
365.927
375.921
420.752
400.856
